{
 "cells": [
  {
   "cell_type": "code",
   "execution_count": 1,
   "metadata": {
    "collapsed": false
   },
   "outputs": [],
   "source": [
    "from fem.definitions import local_stiffness_matrix, local_mass_matrix\n",
    "from fem.construction import construct_global_stiffness_matrix, construct_global_mass_matrix\n",
    "\n",
    "#from obj.parser import parse_obj\n",
    "#from obj.transforms import to_numpy_array, enforce_fem_order\n",
    "from obj.generate import rectangular_domain\n",
    "\n",
    "from math import sin, pi, cos\n",
    "\n",
    "import numpy as np\n",
    "import matplotlib as mpl\n",
    "mpl.use('Agg')\n",
    "import matplotlib.pyplot as plt\n",
    "from matplotlib import cm\n",
    "from mpl_toolkits.mplot3d import Axes3D"
   ]
  },
  {
   "cell_type": "markdown",
   "metadata": {},
   "source": [
    "#### Load in the mesh"
   ]
  },
  {
   "cell_type": "code",
   "execution_count": 2,
   "metadata": {
    "collapsed": false,
    "scrolled": true
   },
   "outputs": [],
   "source": [
    "N = 15\n",
    "obj = rectangular_domain(N=N)\n",
    "#obj"
   ]
  },
  {
   "cell_type": "markdown",
   "metadata": {},
   "source": [
    "#### Set parameters and create domain"
   ]
  },
  {
   "cell_type": "code",
   "execution_count": 3,
   "metadata": {
    "collapsed": true
   },
   "outputs": [],
   "source": [
    "parameters = (1, [0, 0], 0)\n",
    "\n",
    "def known_nodes(v):\n",
    "    return abs(v[0]) == 1 or abs(v[1]) == 1 or v[0] == 0 or v[1] == 0\n",
    "\n",
    "domain = {'obj': obj, 'known_nodes': known_nodes}"
   ]
  },
  {
   "cell_type": "markdown",
   "metadata": {},
   "source": [
    "#### Construct the global system"
   ]
  },
  {
   "cell_type": "code",
   "execution_count": 4,
   "metadata": {
    "collapsed": false
   },
   "outputs": [],
   "source": [
    "A = construct_global_stiffness_matrix(domain, parameters)\n",
    "M = construct_global_mass_matrix(domain, parameters)\n",
    "\n",
    "def f (x, y):\n",
    "    return (2*pi**2) * (sin(pi * x)) * (sin(pi * y))\n",
    "\n",
    "verts = [(x,y) for x, y, _ in obj['vertices']]\n",
    "F = np.array([f(x,y) for x, y in verts])"
   ]
  },
  {
   "cell_type": "code",
   "execution_count": 5,
   "metadata": {
    "collapsed": false
   },
   "outputs": [
    {
     "data": {
      "text/plain": [
       "array([[ 4., -1.,  0., ...,  0.,  0.,  0.],\n",
       "       [-1.,  4., -1., ...,  0.,  0.,  0.],\n",
       "       [ 0., -1.,  4., ...,  0.,  0.,  0.],\n",
       "       ..., \n",
       "       [ 0.,  0.,  0., ...,  4., -1.,  0.],\n",
       "       [ 0.,  0.,  0., ..., -1.,  4., -1.],\n",
       "       [ 0.,  0.,  0., ...,  0., -1.,  4.]])"
      ]
     },
     "execution_count": 5,
     "metadata": {},
     "output_type": "execute_result"
    },
    {
     "data": {
      "image/png": "iVBORw0KGgoAAAANSUhEUgAAAQoAAAD3CAYAAADlsBq6AAAABHNCSVQICAgIfAhkiAAAAAlwSFlz\nAAALEgAACxIB0t1+/AAAF7dJREFUeJzt3X2sHNV9xvHv4xBHTbi1eDU2BDsFzFukmnstCxJVgHgJ\nkAjTCAVIJV6qNCjESqRUVaCloqqQQv5ImiJAQJKmUDWltFKAhDeDSIsIisEXSEzAxqiYgG2MCbG4\nhggB/vWPnXtZrnfvzs7ZnZ3ZfT7Syrt7Z2cOxvvcc86c+Y0iAjOzucwbdAPMrPocFGbWkYPCzDpy\nUJhZRw4KM+vIQWFmHTkozGpI0jxJT0i6q83Pr5W0SdJTkpanHs9BYVZPXweeafUDSWcCh0XEEcCl\nwI2pB3NQmNWMpEOAs4AftNlkFXArQESsBRZIWphyTAeFWf38E/A3QLtl1QcDLzW93pK9V5iDwqxG\nJH0W2B4RTwHKHn3noDAr0dKlS0NS3scrLXbxaeBsSf8H/AdwsqRbZ22zBfh40+tDsvcKky8KMyuP\npNi9e3eubefNm0dEtO0xSDoR+OuIOHvW+2cBX42Iz0o6HvheRByf0u69Uj5sZt3rxy9nSZc2dh03\nR8Q9ks6S9DzwJnBJ8v7dozArj6R49913c2271157zdmjKJN7FGYlyzv0qBIHhVnJ6tiLd1CYlcxB\nYWYdOSjMrKM6BsVAFlxJOkPSBknPSfrmINqQl6TNkn4l6UlJj2Xv7SNpjaSNku6XtGDAbfyhpO2S\nft30Xts2Sroiu7LwWUmnD6bVbdt9laSXsysjn5B0RtPPKtHuVBGR61ElpQeFpHnAdcBngGOBCyQd\nVXY7urAbOCkijouIldl7lwMPRsSRwEPAFQNrXcOPaPx9NmvZRknHAF8AjgbOBG6QNKhTcK3aDfDd\niBjPHvcBSDqa6rQ7iYMin5XApoh4MSLeAW6jcbVbVYk9/55WAbdkz28Bzim1RbNExCPA72e93a6N\nZwO3RcS7EbEZ2ETj/0np2rQbWl+/sIqKtDvV7t27cz2qZBBBMfvKtpdJvLKtzwJ4QNLjkr6Uvbcw\nIrYDRMQrwIEDa117B7ZpY8+vLOyD1VnBlR80DZnq0O5c3KMYTp+OiHEa1/9/VdKfseflvdX6v9pa\nHdoIcAPwJxGxHHgF+M6A29NzDop8tgCHNr1OvrKtnyJiW/bnDuAOGt3d7dOFQCQdBLw6uBa21a6N\nPb+ysJciYke8/y35Pu8PLyrd7m44KPJ5HDhc0hJJ84HzgZZ1/wZN0kcl7Z09/xhwOrCeRnsvzja7\nCLhzIA38oNm1Cdq18S7gfEnzJX0COBx4rKxGtvCBdmehNu3zwNPZ86q1u7A6BkXp6ygi4j1Jq4E1\nNILqhxHxbNntyGkh8BNJQePv6t8jYo2kdcDtkv4SeJHGbPzASPoxcBKwn6TfAlcB1wD/NbuNEfGM\npNtp1Ft8B7gsBvSvsk27T86Kwe4GNtOo+VipdqeqY7N99ahZiSTFa6+9lmvb/fffvzJXj/Zt6FGn\nRVVmZUo5PSrpI5LWZgsA10u6qsU2J0ra2bRo7crUNvdl6NG0qOoUYCvwuKQ7I2JDP45nVicpvfiI\neFvSyRHxlqQPAb+QdG9EzJ6veXh25asU/epR1G1RlVlpUiczI+Kt7OlHaPyyb7VxT4cs/QqKui2q\nMitNalCocZewJ2msM3kgIh5vsdkJ2aK1u7Nl+0kGdvVodibBbCh0M+nYLgQeffRRHn300Tyf3w0c\nJ+mPgTskHRMRzXcNmwQOzYYnZ9JY/7Msb/ta6ctZj6zy7z9ExBnZ68tpFP78dtM2QeNNJDExMZF7\n/5OTk11t30tbt25l8eLFAzl2ijq2uy5tnpyczB0UkmLLlnzrxA4++OCO+5X098CbEfHdObZ5AZiI\niNdzHbiFfg09ci2qWrRoEZKICCYnJ3PvfGJioqvtzaokZeghaf/p618k/RFwGrBh1jYLm56vpNEh\nKBwS0KehRzeLqiYmJmbCopuexaB6FGapEq8MXQTckp1ZnAf8ZzTK88+U6wfOlfQVGgvT/gCcl9rm\ngS24khTLli1jbGxs5r3pXkKVhyFTU1MfaHNd1LHddWlzt0OPF198Mdd+lyxZMvwLrvKY/Y9gYmKi\n8sOQOvzDbaWO7a5jm/Oo47UelbvM3HMWNuwcFD3QPGfhsLBh5KDoEYeFDTMHRQ85LGxYuWZmjzks\nbBi5R9EHzWHR7eccFlZFDoo+mZiYYMWKFaxbt849C6s9B0WXuv0Sexhiw8BB0aVuv8QpcxZmVeGg\nKGD6S5z3iz89DOnmM9Pcs7AqcFAkKNK78DDE6sinRxN1O0TwnIXVkXsUPVDWnIXDwgYlJSjyVOHO\ntrtW0qasHN7y1DZXLijKnOB0WNggpARFRLwNnBwRxwHLgTOz4jQzsvJ3h0XEETRuoHRjapsrFxTg\nsLDhljr0iM5VuFcBt2bbrgUWNFe9KqKSQQEOCxteqUGRowr37Cr4W0isgj+wKtx5TH+JuymPV7Ss\n3iAL9tpoaRcCeVceR+cq3D1X6aAAh4UNn3anPsfHxxkfH595ffPNN8+5n4h4Q9LPgTNo3Lx52hbg\n402vD8neK6yyQ49mKcOQfh7HrIjEsx4dq3DTqHh/YbbN8cDOiNie0uZaBAUUX8E5OTnJunXrujqO\nw8L6KXGOYhHwc0lPAWuB+yOrwi3py9n+7wFekPQ8cBNwWWqbKz/0mK3oUGT6eT+OYdaNlMVUEbEe\nGG/x/k2zXq8ufJAWatOjaObl3lZnXplZIi/3trpyUJTM6yysjhwUJfOiLKsjXz06AA4Lqxv3KAbE\nYWF14qAYIIeF1YWDYsAcFlYHDooKcFhY1TkoKiKlYG+3y73NuuWgqJgivYvp60O64Z6FdcOnRyuo\nyBDBwxDrJ/coKsrLva1KHBQV5glOq4qUoJB0iKSHJP0mq8L9tRbbnChpp6QnsseVqW0emaDw2RCr\nisQexbvANyLiWOAE4KuSjmqx3cMRMZ49rk5tc1JQSNos6VfZPQYey97bR9IaSRsl3T9djacKHBZW\nBSlBERGvRMRT2fNdwLO0LpyrXrY5tUexGzgpIo6LiOl7C1wOPBgRRwIPAVckHqOnHBY2aL066yFp\nKY17e6xt8eMTspv/3C3pmNQ2pwaFWuxjFXBL9vwW4JzEY/Scw8IGqReTmZL2Bv4b+HrWs2g2CRwa\nEcuB64A7UtucWgovgAckvQfcFBE/ABZGVsgzIl6RdGBqI/vB1b1tUNqFwPr161m/fn3Hz0vai0ZI\n/FtE3Nli/7uant8r6QZJ+0bE60XbrJTTMJIWRcQ2SQcAa4CvAXdGxL5N2/wuIvZr8dlYtGjRzOux\nsTHGxsYKtyVFt1/kycnJrgOjyHGsmqamppiampp5vW3bNiIi15yApLjzzj2+2y2tWrWq5X4l3Qq8\nFhHfaHOMmV/W2e0Gb4+IpbkO2kZSjyIitmV/7pB0B7AS2D7dUEkHAa+2+/zixYtTDt8zZfYurP5m\n/1Lbtm1bV59P/OX8aeAvgPXZ3cIC+FtgSWPXcTNwrqSvAO8AfwDOK3zATOE5CkkfzcZJSPoYcDqw\nnsY9BS7ONrsIyBefA1bWvUM8Z2GJZz1+EREfiojl2UmE8Yi4LyJuykKCiLg+Ij6Z/fxT0bj/aJKU\nycyFwCNZqv0S+GlErAG+DZwmaSNwCnBNaiPLUjQs+nkMGz51XJlZeOgRES/QODUz+/3XgVNTGjVI\n3Q4PJiYmWLdunSc4LbeqXfCVx8iszOxGt7/xferUulHHHoWDogWvs7B+clAMEYeF9YuDYsg4LKwf\nHBRDyGFhveagGFIOC+slB8UQSy3Y283nujmO1Y9rZo6AMnsXNpzcoxgRXu5tKRwUI6RoWHjOwhwU\nI6ZIWHiC0xwUI6jorQC6PYbDYnikBEWeKtzZdtdK2pSVw9vjmqxuOSh6oMjdyLo5EzL9OYfFcEjs\nUXSswi3pTOCwiDgCuBS4MbXNDooeKPIl9jqL0ZVyejTyVeFeBdyabbMWWCBpYUqbHRQ94kVZllev\n5ijmqMJ9MPBS0+sttC7pn5uDooccFpZHL4KiQxXunkutwm2zNK+szDPROXsFZ94CON0ex6qjXQhs\n3LiR5557ruPnO1XhptGD+HjT60Oy9wpzj6JP3Luwdtr1IJYtW8bnPve5mccc/gV4JiL+uc3P7wIu\nBJB0PLAzsqrcRblH0Ueu7m2tpKyRyFOFOyLukXSWpOeBN4FLUtvsoOizlLCYHpLk4SFIfaQERUT8\nAvhQju1WFz5ICx56lMDLva2Zrx61trzc26Z5CbfNqehyb4fFcHFQWEc+E2IOCuuorFoWDovqclBY\nLkXCwheSDQ8HheXmC8lGl896WFdcsHc0uUdhhXi592hxUFhhDovR4aCwJGWeEbHBcVBYsjKWe4Pn\nKwbJQWE94eXew81BYT3j5d7Dy6dHrac8uTmcUnoUkn4oabukX7f5+YmSdkp6Intc2Ys2OygqzGdC\nhlPi0ONHwGc6HOLhiBjPHlf3os0dg6JVgknaR9IaSRsl3S9pQdPPrshuPPKspNN70chR5rAYPilB\nERGPAL/vcAj1us15ehStEuxy4MGIOBJ4CLgCQNIxwBeAo4EzgRsk9bzRo8YXkg2XEiYzT8juEHZ3\n9p1M1rEUXkQ8ImnJrLdXASdmz28B/odGeJwN3BYR7wKbJW0CVrLnfQesS0Wre09OThKRvwanq3v3\nX7sQeOGFF9i8eXPq7ieBQyPireyOYXcAy1J3WnSO4sDIqvpGxCvAgdn7Pb/xiH2QhyL1164HsXTp\nUk466aSZR8F974qIt7Ln9wIflrRvapt7VVy3UD9p69atM8/HxsYYGxvrUXOGW5nVvd2z2NPU1BRT\nU1OFP9+DU5+izTyEpIXTv8QlrQQUEa+nHrBoUGyfbpCkg4BXs/e7uvHI4sWLCx7efCuAwZn9S23b\ntm1dfT5l/kHSj4GTgP0k/Ra4CphPVqofOFfSV4B3gD8A5xU+WJO8Q4/ZCXYXcHH2/CLgzqb3z5c0\nX9IngMOBx3rQTmuhrElOD0F6K/GsxxcjYnFEfCQiDo2IH0XETVlIEBHXR8QnI+K4iPhUNG5SnCzP\n6dEfA48CyyT9VtIlwDXAaZI2Aqdkr4mIZ4DbgWeAe4DLomprUYeMbwVQP3Vcwp3nrMcX2/zo1Dbb\nfwv4VkqjrDvdDg8mJia6us/p9Gc8X9EbVQuBPLwyc0i4rF591LFH4aAYEj5tWh8OChsoh0U9+OpR\nGzgX7K0+9yisMnx9SHU5KKxSfKOhanJQWOX4RkPV46CwSipzktM6c1BYZXm5d3U4KKzSvNy7Gnx6\n1CrPtwIYPPcorBZ8K4DBSgmKTlW4s22uzerWPiVpeS/a7KAYUV7BOTiJPYo5q3Bn5e8Oi4gjgEuB\nG3vRZgfFiPJy78FJCYroXIV7FXBrtu1aYIGkhaltdlCMMC/3How+z1H0pW6tg8LcuyhZHc969Kq4\nrtWcC/aWp11vYevWrV3X32yhq7q1eblHYTN8IVk52g01Fi1axPj4+MxjDm2rcNOoW3shgKTjgZ2R\nVeVO4R6FfUCRnsX0hWSu7p1PyhqJTlW4I+IeSWdJeh54E7ikB012UNieigwPpnsW05OdeYzqECQl\nKKJ9DdvmbVYXPkAbHnpYS17u3T9emWlDxcu9+8NBYUPHy717r46nRx0U1pHXWPSWexQ2lLyCs7cc\nFDbUvIKzNxwUNvQcFukcFDYSHBZpHBQ2MhwWxTkobKQ4LIrx6VEbOWVeSDYs3KOwkVT0jmTd9hKG\npVfhoLCRVWR4MKpDEAeFjTQv984nNSgknSFpg6TnJH2zxc9PlLRT0hPZ48rUNjsorKc8udlZSlBI\nmgdcR6MS97HABZKOarHpwxExnj2uTm2zg8J6ysu9O0vsUawENkXEixHxDnAbjcrbs7WrgFWIg8L6\nwqdO20s8PTq7yvbLtK6yfUJ2A6C7JR2T2uaOQdHqzkSSrpL0ctMY6Iymn12R3aXoWUmnpzbQ6sth\n0VoJk5mTwKERsZzGMOWO1Dbn6VG0uzPRd5vGQPcBSDoa+AJwNHAmcIOknnaBrF4cFntqFww7duxg\nw4YNM482tgCHNr3eo8p2ROyKiLey5/cCH5a0b0qbOwZFtL8zUasAWAXcFhHvRsRmYBONMZWNMIfF\nB7ULiv32249ly5bNPNp4HDhc0hJJ84HzaVTentF8ZzBJKwFFxOspbU6Zo1idjYF+IGlB9l5f7lJk\n9eeweF/K0CMi3gNWA2uA39D4xfyspEslfTnb7FxJT0t6EvgecF5qm4tW4b4B+MeICElXA98BvtTt\nTrZu3TrzfGxsjLGxsYLNsToo8yZD/TQ1NcXU1FThz6cupsqG+kfOeu+mpufXA9cnHWSWQj2KiNgR\n7//Xfp/3hxdd3aVo8eLFMw+HxGgo69qQfvYqxsbGPvBvt1vDvDLzA3cmknRQ088+DzydPb8LOF/S\nfEmfAA4HHutFQ214FA2Lfh6jTHW8erTj0KPNnYlOlrQc2A1sBi4FiIhnJN0OPAO8A1wWVYtGq4Ru\nhwcTExOF7kZWxZsM1fEroUE1WlJU7X+gla/bL/Lk5GTXcxZFjtONrE25ujyS4tRTT8213wcffDD3\nfvvNKzNtoEbxbMgwz1GY9c2ohYWDwqygUQoLB4VZglEJizqe9XBQWKWMQli4R2HWA8MeFg4Ksx4p\nMyzK5qAw66FhWO7dioPCrMeKhkWVhyAOCrM+KBIWVZ6vcFCY9Um3X+QVK1bMXB9StYK9qadHO5Xr\nz7a5NitJ+VR2XVYSB4XVRpHf+lU8G5LSo8hTrl/SmcBhEXEEjQs2b0xts4PCamUYTp0mDj3ylOtf\nBdyaHWstsKC5PF4RDgqrnbqHRWJQ5CnX3/OSlA4Kq6U6h0W7YHjjjTfYsmXLzKNKHBRWW3UNi3ZB\nsffee7No0aKZRxsdy/XTZUnKPBwUVmt1DIvEoUfHcv3Z6wsBJB0P7IyI7SltdlBY7dVtuXfK6dHI\nUa4/Iu4BXpD0PHATcFlqmx0UNhTqtNw7dcFVRNwXEUdGxBERcU323k0RcXPTNqsj4vCI+NOIeCK1\nzQ4KGxp1We7tlZlmA1akujdQ6gpOB4VZRVR5gtNBYVYRZc1ZFJngdFCYVUiRsFixYkVXw5AiHBRm\nFVPWhWTdcHFdswoqa51FXu5RmFVUlcLCQWFWYVUJCweFWcVVISwcFGY1UNap03YcFGY1UcZy73Yc\nFGY1UsZy71Z8erRLU1NTgzx8IXVsM9Sz3WW1uew5i371KCTtI2mNpI2S7pe0oM12myX9StKTkh7L\ns28HRZfq2GaoZ7vLanPZE5x9HHpcDjwYEUcCDwFXtNluN3BSRBwXESvz7NhDDzPKneDsY1CsAm7J\nnt8CnNNmO9Hld99BYZYpGhbd6mNQHBhZybuIeAU4sF0TgAckPS7pr/LsWIOaXZVUrWldswQRkSsx\nJMXixYtb/uztt9/m7bffnnm9a9euPfYr6QGg+R4dovHFvxL414jYt2nb30XEfi3asCgitkk6AHgA\nWB0Rj8zV7r06/pf1Sd6/WLNh0+6X8/z585k/f/7M6127drX67Gnt9itpu6SFEbFd0kHAq22Ovy37\nc4ekn9C4qdCcQeGhh1nJ+nh69C7g4uz5RcCdszeQ9FFJe2fPPwacDjzdaccOCrOS9XGO4tvAaZI2\nAqcA10BjqCHpZ9k2C4FHJD0J/BL4aUSs6bTjgc1RmI0iSXHAAQfk2nbHjh2VGaIPbI7CbFTV8Zez\ng8KsZA4KM+vIQWFmHVXtgq88HBRmJXOPwsw6clCYWUcOCjPryEFhZh05KMysIweFmXXk06Nm1pF7\nFGbWUR2DwpeZm5Wsj1W4z5X0tKT3JI3Psd0ZkjZIek7SN/Ps20FhVrI+1qNYD/w58L/tNpA0D7gO\n+AxwLHCBpKM67dhDD7OS9WvoEREbATR3xd+VwKaIeDHb9jYa1bs3zLVv9yjMSjbgWwoeDLzU9Prl\n7L05uUdhVrKU06NzVOH+u4j4aWLT2nJQmJXrRWBJzm23z35jrircOW0BDm16fUj23pwcFGYlioil\nJR2q3TzF48DhkpYA24DzgQs67cxzFGZDQtI5kl4Cjgd+June7P2ZKtwR8R6wGlgD/Aa4LSKe7bjv\nOi7+MLNyuUdhZh05KMysIweFmXXkoDCzjhwUZtaRg8LMOnJQmFlHDgoz6+j/AW1atZ2t7vTMAAAA\nAElFTkSuQmCC\n",
      "text/plain": [
       "<matplotlib.figure.Figure at 0x7efddd275eb8>"
      ]
     },
     "metadata": {},
     "output_type": "display_data"
    }
   ],
   "source": [
    "plt.matshow(A.A, cmap=plt.cm.gray)\n",
    "plt.colorbar()\n",
    "A.A"
   ]
  },
  {
   "cell_type": "code",
   "execution_count": 6,
   "metadata": {
    "collapsed": false
   },
   "outputs": [
    {
     "data": {
      "text/plain": [
       "<matplotlib.colorbar.Colorbar at 0x7efdb5156e10>"
      ]
     },
     "execution_count": 6,
     "metadata": {},
     "output_type": "execute_result"
    },
    {
     "data": {
      "image/png": "iVBORw0KGgoAAAANSUhEUgAAAVUAAADyCAYAAAD9YlbMAAAABHNCSVQICAgIfAhkiAAAAAlwSFlz\nAAALEgAACxIB0t1+/AAAIABJREFUeJzt3X+sXWW95/H3hx/FXMUOQ6VoS4tSSjkn997axKYEMToi\ntIZ40BBuy2jBH6FJYcbkTpzCXDP+KY65RrkEQW5HW+9ggzOMnCGV1gavE0WhWkrpOf1xeoXSVsqP\nDDURzUwt3/ljPbvd3d17n7V/r73355XsdO+1n2ettfc559NnrfU8z1JEYGZm7XFWr3fAzGyQOFTN\nzNrIoWpm1kYOVTOzNnKompm1kUPVzKyNHKpm1naXXnppSMr7eLHX+9tOcj9VM2s3SfHWW2/lKnvW\nWWcREerwLnXNOb3eATMbTMPaYHOomllHOFTNzNoo7+H/oHGomllHuKVqZtZGDlUzszZyqJqZtdGw\nhmpPOv9LWi5pr6T9ktb1Yh/ykvSipOckPSvpmbTsAklbJe2TtEXSzB7v43pJr0jaVbas5j5KulvS\nlKQ9kq7rzV7X3O+vSDosaUd6LC97r+f7LWmupCclTUh6XtK/T8sL/X1X2e9/l5Z37PuOiFyPgZP3\ng7frQRbkB4D5wLnATmBRt/ejgf39LXBBxbKvAf8xPV8H3NPjffwgsBjYNd0+AiPAs2RHKZemn4UK\ntN9fAf62Stkri7DfwMXA4vT8HcA+YFHRv+86+92R7xuIP/zhD7keWQz15m+nE49etFSXAlMRcTAi\njgObgLEe7Ede4swW/RiwIT3fANzY1T2qEBE/B96oWFxrHz8BbIqIP0fEi8AU2c+k62rsN2TfeaUx\nCrDfEXE0Inam538A9gBzKfj3XWO/56S3O/J9v/XWW7keg6YXoToHOFT2+jCnfrhFFMBPJG2X9IW0\nbHZEvALZLytwUc/2rraLauxj5fd/hOJ9/3dK2inpH8sOowu335IuJWtp/4ravxNF3u+n06KOfN8N\ntGoHiidUmd7VEbEE+Dhwh6RryIK2XD/8ZvTDPgLcD7wvIhYDR4G/7/H+VCXpHcB/B76YWn598TtR\nZb879n07VLvnCDCv7PXctKyQIuLl9O9rwI/IDoFekTQbQNLFwKu928Oaau3jEeCSsnKF+v4j4rU4\n9Zf2EKcOOQuz35LOIQum70fEY2lx4b/vavvdye/bodo924EFkuZLmgGsBMZ7sB/TkvQX6X92JL0d\nuA54nmx/b0vFbgUeq7qC7hKnnxurtY/jwEpJMyS9F1gAPNOtnazitP1OgVTyKWB3el6k/f6vwGRE\nfKtsWT9832fsdye/72EN1a73U42IE5LuBLaShfr6iNjT7f3IaTbwPyUF2Xf13yJiq6RfA49I+hxw\nELi5lzsp6WHgw8CFkl4iu6J7D/DDyn2MiElJjwCTwHFgbfToN7vGfn9E0mLgLeBFYE2R9lvS1cC/\nBZ6X9CzZYf5/Irv6f8bvRB/s9y2d+r4HMTDz8HyqZtZ2kuL111/PVXbWrFnEAM2n2rHD/37q4G9m\n7ddql6o8GSLp3jRAYWdqcdetK+m/pMEMOyX9D0nvLHuv6mAHSUsk7Urr+uZ0n7sjoSrpLOA+4Hpg\nFFglaVEntmVmxdTKOdU8GSJpBXBZRFxOdtrigRx1twKjqbfDFHB3qjNCdsrmSmAFcL+kUuv528Dn\nI2IhsFDS9fU+d6daqv3Wwd/M2qzFC1V5MmQM2Ji29TQwM/XAqFk3IrZFRKl5/CuyXg1QY5BGupB3\nfkRsT+U2Ms1gn06Far918DezNmsxVPNkSK0yefPnc8DmGusqDXaYk+pPt66TejZLVbqibmYF1+xF\npFqB+dRTT/HUU0+1tE815N5PSX8HHI+IH7R7JzoVqrk6+M+aNYvXXnuN0dFRJicnc614ZGQEIHd5\nM2tMu/7GaoXqVVddxVVXXXXy9Te+8Y1qxfJkSK0BCjPq1ZV0G9kIyX+TY10ND4Lo1OF/rg7+r7/+\nOqOjo0xMTJz8QU6n9IPOW97M8mtno6XFw/88GTIOrAaQtAw4Ftn8CzXrpqkNvwR8IiL+b8W6zhjs\nENk8Dr+XtDRduFrNNIN9OhKqEXECKHXwnyA7AVy1g//k5GTTwWpm7TNr1iygfX9frXSpqpUhktZI\nuj2V2Qy8IOkA8CCwtl7dtOp/IJv68Cdp/tj7U51JoDTYYTOnD3a4A1gP7Ce7APZEvc/ds87/1c6p\nNvq/pE8FmLXHyMhIzb+jZs6pSoqDBw/mKjt//nx3/u+UyclJnwow67JO/f0M69j/QoUq4HOsZl3U\nyaM9h2pBtHKO1cFqll+nT585VAvEwWrWWd24HuFQLRgHq1lndOsCr+9RVUAOVrP26maPmWFtqRaq\nS1UtIyMjTExMcGrSmHx1wN2tzOD0RkajfxPNdqnat29frrJXXHHFQHWp6mmo1usbV01ENDSkFer3\nvzNrt0H8z7zZUN27d2+usosWLRqoUO354X8jh+mNngpoZhtmrZicnByoQG3FsB7+9zRUGz3/6SGt\nZv1jWEO1MOdUOz1EdRAPy8y6odnD/4mJiVxlR0dHffjfCY2GnYe0mhWbu1QVwOTkZEfPsTpYzbpn\nWA//CxWqJd04x+pgNessh2pBdPPilYPVrHMcqgXiYDXrfw7VgnGwmvW3VkNV0nJJeyXtl7SuRpl7\nJU1J2ilp8XR1Jd0kabekE5KWlC2/RdKz6W4Az6b3/yq9989pXaX3Z9X73IUNVXCwmvWzVkJV0lnA\nfcD1wCiwStKiijIrgMsi4nJgDfBAjrrPA58Eflaxrw9HxPsjYgnwGeC3EbGr9DawqvR+RLxe73MX\nOlTBwWrWr1rsUrWU7H5QByPiOLAJGKsoMwZsBIiIp4GZkmbXqxsR+yJiivq3s16V6pTLnZWFD1Vo\nrg9rKVgb3YaD1QbNyMhIT36vWzz8nwMcKnt9OC3LUyZP3Xr+BvhBxbLvpUP/L09X+ZwGNtRTlaE3\nXdBOTk4iqaEZrsq34ZFXNih69btcKzB/85vfsGPHjk5ssuVRWZKWAm9GdnfVklsi4mVJbwcelfTp\niPinWuvoi5ZquWZPB3gSFrPuqtUyXbJkCV/4whdOPmo4Aswrez03Lassc0mVMnnq1rKSilZqRLyc\n/n0TeJjs9EJNfReq4CGtZv2gxcP/7cACSfMlzSALu/GKMuPAagBJy4BjEfFKzrpQ0bJVdjh7M2Xn\nUyWdLenC9Pxc4AZgd73P3ZehCh7SalZ0rYRqRJwA7gS2AhPApojYI2mNpNtTmc3AC5IOAA8Ca+vV\nBZB0o6RDwDLgcUk/Ltvsh4CXIuLFsmXnAVsk7QR2kJ2ffaje5y7MLFXNaGamqomJiYYmuvbsVjbs\nmp2l6he/+EWusldffbVnqSoKd7cyKy7PUtWnHKxmxeRhqn3MwWpWPA7VPudgNSsWh+oAcLCaFYdD\ndUA4WM2KwaE6QEq3CW4kJEvDWPP+kBvdhlkv9GrcPzhUB1Ip9BoN10Z+CR2sVk1RfidK//n3grtU\nDahmfqEaORVQUpQ/IisGDxZxS3WgeUirWfc5VIeAL16ZdY9DdcC5V4BZdzlUmyDpRUnPpRtiPZOW\nXSBpq6R9krZImtmeXW2dg9WsexyqzXkL+HBkN8QqTdx6F7AtIq4AngTubnEbbeVgNesOX/1vjqqs\nYwzYkJ5vAG5scRtt52A16zy3VJsTwE8kbZdUui/C7Mhm3yYijgIXtbiNjnCwmnWWQ7U5V0d2n+yP\nA3dIuoYsaMsV9lsrHxWVJ/gqR17lrdPoIASzQdBqqEpaLmmvpP2S1tUoc6+kKUk7JS2erq6kmyTt\nlnRC0pKy5fMl/THdMXWHpPvL3lsiaVda1zen+9wthWqcuiHWa8CPyG6I9Uq69zaSLgZebWUb3dBK\nq7XRbZgNi1ZCVdJZwH3A9cAosErSoooyK4DLIuJyYA3wQI66zwOfBH5WZbMHImJJeqwtW/5t4PMR\nsRBYKOn6ep+76VCV9BeS3pGevx24Lu3wOHBbKnYr8Fiz2+imbtyl1UNabZi02FJdCkxFxMGIOE52\nM76xijJjwMa0raeBmalBV7NuROyLiCmq3876jGWpYXh+RGxPizYyzXWiVlqqs4GfS3oW+BXwvyJi\nK/A14GOS9gEfBe5pYRtd1exdWhvlYLVu6eXvWouhOgc4VPb6cFqWp0yeutVcmg79fyrpg2XbONzI\nus7JsaGqIuIFYHGV5f8HuLbZ9fZaqTWZN2AlERG5byZY3iL2KYHBVoSfcS+3X6u71O7du5tqjOTQ\nys0DfwfMi4g30rnWH0lq6n+kpkN10DXyB1E6v9rIXVob3Yb1n2H/2dZqhY6OjjI6Onry9Q9/+MNq\nxY4A88pez03LKstcUqXMjBx1K/f1OPBGer5D0r8AC+tso6ahGabaCHe3Mmtdi4f/24EF6ar8DGAl\n2fWacuPAagBJy4BjqTtnnrpQ1rKVNCtd4ELS+4AFwG9Tt9DfS1qqrOvPaqa5TuRQrcHBataaVkI1\nIk4AdwJbgQlgU0TskbRG0u2pzGbgBUkHgAeBtfXqAki6UdIhYBnwuKQfp01+CNglaQfwCLAmIo6l\n9+4A1gP7yS6APVHvc6tXnW8lFbb/arlS4OU9lBsZGWn4VECj2zDrpoho+FylpNi0aVOusitXrmxq\nG0Xlluo03GI1a45HVFlNDlazxg1rqPrqf06VoTfdoXr5/a7ydrlqdBtmRTaIM1Dl4ZZqg7rZajXr\nZ8PaUnWoNqFbcwX4VID1M4eqNaSZIa2NzhUAPsdq/cuhag1rtDVZmivAF69sGDhUrSuanTLQwWqN\n6vXvjEPVmtLoBNSlXgER+Sa5LtXxOdb+0+uJyXt9wdOhak1rpjXZaI+AEgdr/yj9ZzisfOM/a4kH\nCJidzi1Va5mD1eyUYQ1Vj6hqM4+8MssMYmDm4ZZqh7jVasNuWFuqDtUO8pBWG2YOVesID2m1YeVQ\ntY7pxu2vG1m/WTe02qVK0nJJeyXtl7SuRpl7JU1J2ilp8XR1Jd0kabekE+kGf6Xl10r6taTnJG2X\n9JGy936a1vVsutvqrHqf26HaJc3e/trnV61ftdJSTfeLug+4HhgFVklaVFFmBXBZRFwOrAEeyFH3\neeCTwM8qNvkacENE/DVwG/D9ivdXRcT7I2JJRLxe73M7VLuo0cN0X7iyftbi4f9SsvtBHYzsTqeb\ngLGKMmPAxrStp4GZkmbXqxsR+yJiiorbWUfEc5Hd5I+ImADeJuncsiK5s9Kh2gPuEWDDoMVQnQMc\nKnt9OC3LUyZP3Zok3QTsSIFc8r106P/l6eq7n2qXNTOzVSlYszvk5t/GyMiIewcMqSL0Ya4VmFNT\nUxw4cKATm2z55oGSRoGvAh8rW3xLRLws6e3Ao5I+HRH/VGsdDtUeKA/WPL/05ZOw5L1La3mL1cHa\nO70KtyL8zGuF6oIFC1iwYMHJ11u2bKlW7Agwr+z13LSssswlVcrMyFH3DJLmAo8Cn4mIF0vLI+Ll\n9O+bkh4mO71QM1R9+N8jnoRlOAzzpCotXv3fDiyQNF/SDGAlMF5RZhxYDSBpGXAsIl7JWRfKWraS\nZgKPA+si4ldly8+WdGF6fi5wA7C73ud2S7WHPKTVBlkrfVAj4oSkO4GtZI2/9RGxR9Ka7O34TkRs\nlvRxSQeAN4HP1qsLIOlG4B+AWcDjknZGxArgTuAy4D9L+goQwHXAH4Etks4Bzga2AQ/V23f1qvOt\npMHr9duCRkNvZGSEiYmJ3KcDmtmGGUBENHyuUlJ8/etfz1X2S1/6UlPbKCof/heEh7TaoPGIKus5\nD2m1QeJQtULwkFYbFA5VKwwPabVB4FC1QvGQVut3vkeVFZKHtFq/ckvVCsd3D7B+5lCtQdJ6Sa9I\n2lW27AJJWyXtk7QljUYovXd3mt9wj6TrOrXjw8LBav3KoVrbd8nmJSx3F7AtIq4AngTuBpA0AtwM\nXAmsAO5X3llArKZmLlw109UKHKyDoDSZTq85VGuIiJ8Db1QsHgM2pOcbgBvT808AmyLiz2lCgimy\nyQesReWhl+cPpnJIa9465TNcWX8qynwDDtXGXJQmLiCyiV0vSssr5zE8QgPzGNr0fDrA+oVDtTWD\n980UmIe0Wj9wl6rGvJJuW4Cki4FX0/Ja8xtam3lIqxWdW6r1idNn1R4nuzkWwK3AY2XLV0qaIem9\nwALgmTbsp1XhIa1WZA7VGtJM108BCyW9JOmzwD3AxyTtAz6aXhMRk8AjwCSwGVgbg/itFYiHtFpR\nOVRriIhbIuI9EXFeRMyLiO9GxBsRcW1EXBER10XEsbLyX42IBRFxZURs7ezuG3hIqxWTQ9X6nnsE\nWJG0GqqSlkvaK2m/pHU1ytybBhvtlLR4urqSbpK0W9IJSUsq1lV14JKkJZJ2pXV9c7rP7VAdEO5q\nZUXTSqhKOgu4j2zg0SiwStKiijIrgMsi4nJgDfBAjrrPA58EflaxriupPXDp28DnI2Ih2WnQysFQ\np3GoDhAHqxVJi12qlgJTEXEwIo4Dm8gGHZUbAzYCRMTTwMzUK6lm3YjYFxFTnHk76zGqDFxKvZvO\nj4jtqdxGTg12qsqhOmAaHRVVGnkFeOSVtVWLh/+VA4kOc+ZAolpl8tSdbnulgUtzUv3c6/LdVAdU\noxevyluteadrKA9WDxYohiLd3LFWYB46dIhDhw5Vfa9FhZhnxKE6wMqDNc8fWanVGpHv9tfl63Ww\n1tetsCvSz6BWqM6dO5e5c+eefP3LX/6yWrEjwLzyapw5kKjWYKMZOepW2161dTU8oMmH/wOumXOg\njZ5ntekVZZKTbmrx8H87sEDSfEkzgJVkg4vKjQOrASQtA46lOUny1IUzBzSdMXApzW3ye0lL04Wr\n1Zwa7FSVQ3UIeEir9UIroRoRJ4A7ga3ABNlFpD2S1ki6PZXZDLwg6QDwILC2Xl0ASTdKOgQsAx6X\n9ONUp97ApTuA9cB+sgtgT9T73OpV51tJg9frt+AaPQTtdHnrDxHR8LlKSfHFL34xV9lvfetbTW2j\nqNxSHSIe0mrd5FmqbCh4SKt1i4ep2lDxAAHrNIeqDQ2PvLJucKjaUHGwWqcNa6i68/8Qqwy96S5k\nVd5MMM8AgUa3YYNjEAMzD7dUza1W6whf/beh5mC1dhvWw3+Hqp3UTD/WZkZegYO1E4o2a9iwhqrP\nqdppWpmEpZHZrYZRp88rF+17HcTAzMMtVTtDs5Ow+C6t9Q3bpCrD2lJ1qFpVnR7SWjJswTpMHKpm\nFTyk1VrhUDWrwT0CrBnuUmVWhbtaWbOGtaXqq/82LY+8smYMYmDm4Zaq5eZWqzWi1ZaqpOWS9kra\nL2ldjTL3SpqStFPS4unqSrpA0lZJ+yRtkTQzLb9F0rOSdqR/T0j6q/TeP6d1ld6fVe9zO1StIQ5W\ny6uVUJV0FnAfcD0wCqyStKiizArgsoi4HFgDPJCj7l3Atoi4AngSuDvt68MR8f6IWAJ8BvhtROwq\nfRRgVen9iHi93ud2qFrDHKyWR4st1aVk94M6GBHHgU3AWEWZMWBj2tbTwExJs6epOwZsSM83ADdW\n2faqVKdc7qx0qFpTHKw2nRZDdQ5wqOz14bQsT5l6dWdHdsdVIrtT6kVVtv03wA8qln0vHfp/udYO\nlzhUrWndDFbrP7W6UB09epRdu3adfLRRMzcPPC3VJS0F3ozs7qolt0TEXwLXANdI+nS9FTpUrSXd\nmoTFrdX6ijaZCtRuqb7rXe9idHT05KOGI8C8stdz07LKMpdUKVOv7tF0igBJFwOvVqxzJRWt1Ih4\nOf37JvAw2emFmhyq1rJGQ6+8y1WntlFUnQq/Is4r0OLh/3ZggaT5kmaQhd14RZlxYDWApGXAsXRo\nX6/uOHBben4r8FhpZcpmBLqZsvOpks6WdGF6fi5wA7C73ud2qFpbNBN6wzhXQBHDr1NaCdWIOAHc\nCWwFJoBNEbFH0hpJt6cym4EXJB0AHgTW1qubVv014GOS9gEfBe4p2+yHgJci4sWyZecBWyTtBHaQ\nnZ99qN7nVq866Eoazp7BA6zRjvsjIyNMTEzkGhzQ7DasdRHR8LlKSfGpT30qV9lHH320qW0UlVuq\n1jbuEWDlPEzVrA08pNVKBjEw83BL1TrCrVbzLFU1SFov6RVJu8qWfUXS4dQZdoek5WXv3Z3G4u6R\ndF2ndtyKz8E63Ib18D9PS/W7ZGNoK30jjYNdEhFPAEi6kqxLwpXACuB+5b1xkQ0kB+vwcqjWEBE/\nB96o8la1sBwj677w59QtYYppOsra4HOwDieHauPuTNNt/WNp+izOHHN7hDPH69oQ8pDW4eNQbcz9\nwPsiYjFwFPj79u2SDapWgrWRbbi1WgwO1QZExGtx6tt4iFOH+LXG4poBzQfrsI28GgQO1fpE2TnU\nNBFByac4NRZ2HFgpaYak9wILgGfasaM2OJq9/XWj6x+WYC3iZCowvF2qpu38L+lh4MPAhZJeAr4C\nfCTduuAt4EWyWbeJiElJjwCTwHFgbQzif0XWstJhet6AlZR7cEBp/UBD2+iWdg9aKNrnKxnWP32P\n/bee8nwBxdfs2P9rr702V9lt27Z57L9Zu7i71eDyOVWzHnGwDiaHqlkPOVgHj0PVrMccrINlWK/+\nO1StUBysg6PVlqqk5ZL2StovaV2NMvemCZx2ph5JdetKukDSVkn7JG0pjQZNt175Y9kkUfeX1Vki\naVda1zen+9wOVSscD2kdDK2EqqSzgPvIJnMaBVZJWlRRZgVwWURcTtat84Ecde8CtkXEFcCTwN1l\nqzxQNknU2rLl3wY+HxELgYWSqk0wdZJD1QrJQ1r7X4st1aXAVEQcjIjjZDfjG6soMwZsTNt6GpiZ\n7pRar+4YsCE93wDcWLa+M7p1pYFO50fE9rRoY0WdMzhUrbA8pLW/tRiqlZMzHebMyZlqlalXd3Zk\nd1wlIo4CF5WVuzQd+v9U0gfLtnF4mv04jUPVCq3ZIa0+v9p7Pbj638wAgtIOvAzMi4glwH8AHpb0\njmZ2wqFqhdfoYbovXBVDrRA9duwYL7300slHDUeAeWWvq03OVGsCp3p1j6ZTBKVD+1fTvv6/iHgj\nPd8B/AuwsM42anKoWl8oBWue4CvdTHBycpKIyF2nm+Fa1ElQ2qlWF6rzzz+fOXPmnHzUsB1YkK7K\nzwBWkk3YVG4cWA0gaRlwLB3a16s7DtyWnt8KPJbqz0oXuJD0PrLJoH6bThH8XtLSdBeT1aU6tThU\nrW80E3qNtlpLOh145SE+qFo5/I+IE8CdwFZgguyOInskrZF0eyqzGXhB0gHgQWBtvbpp1V8DPiZp\nH/BR4J60/EPALkk7gEeANRFxLL13B7Ae2E92AeyJep/bE6pY3/EkLN3V7IQqH/jAB3KV3b59uydU\nMeslDxDoDx6matZHHKzF51A16zMO1mJzqJr1IQ9pLS6Hqlmf8pDWYvIsVWZ9zENai8ctVbM+5yGt\nxeJQNRsAjYy8guwurUDDI6+GYURUqxyqZgPCvQKKwaFqNkCaORXQzMUr6F2wFr21PKyh6mGqNtCa\nGW4aEQ0NaW1WeSAWudtWs8NUr7zyylxl9+zZ42GqZv2im5OwNGrQJ1VxlyqzAdWNc6ytGNQ+sMN6\n+O9QtaFQ9GCFwbvo5VA1G3BFDtZeX/TqBIeq2RDoxpDWZg1asDpUzYZEt4a0NmOQgrXVUJW0XNJe\nSfslratR5l5JU5J2Slo8XV1JF0jaKmmfpC2SZqbl10r6taTnJG2X9JGyOj9N63o23W11Vr3P7VC1\nodTpIa2tGJRgbSVU0/2i7gOuB0aBVZIWVZRZAVwWEZcDa4AHctS9C9gWEVcATwJ3p+WvATdExF+T\n3cPq+xW7tCoi3h8RSyLi9Xqf26FqQ6vTQ1pbMQjDYVvsUrWU7H5QByPiOLAJGKsoMwZsBIiIp4GZ\n6U6p9eqOARvS8w3Ajan+c5Hd5I+ImADeJuncsm3lzkqHqg21Il+8Km0P+rPV2uLh/xzgUNnrw2lZ\nnjL16s6O7I6rpBC9qHLDkm4CdqRALvleOvT/ct0PjUPVzMHaIT24UNXMqKzTdkDSKPBV4PayxbdE\nxF8C1wDXSPp0vRU6VM1wsHZCrRD905/+xLFjx04+ajgCzCt7PTctqyxzSZUy9eoeTacIkHQx8Gqp\nkKS5wKPAZyLixbLP8XL6903gYbLTCzU5VM2SbkzC0ory/euHc621QvW8887jne9858lHDduBBZLm\nS5oBrATGK8qMA6sBJC0DjqVD+3p1x8kuRAHcCjyW6v8r4HFgXUT8qrQBSWdLujA9Pxe4Adhd73N7\nQhUzq6vZCVXe85735Cr7u9/9ruo2JC0HvkXW+FsfEfdIWpPtUnwnlbkPWA68CXw2InbUqpuW/2vg\nEbIW7kHg5og4JunvyHoGTJGdRgjgOuCPwP8GzgHOBrYBfxt1grNnoWpmg0tSvPvd785V9uWXXx6o\nWarO6fUOmNlgGsQZqPJwqJpZRwzrUbBD1cw6wqFqZtZGDlUzszZyqJqZtZFD1cysjXz138ysjdxS\nNTNrI4eqmVkbOVTNzNrIoWpm1kYOVTOzNnKompm1kbtUmZm1kVuqZmZtNKyh6tupmFlHtHrjP0nL\nJe2VtF/Suhpl7pU0JWmnpMXT1ZV0gaStkvZJ2iJpZtl7d6d17ZF0XdnyJZJ2pXV9c7rP7VA1s45o\nJVQlnQXcB1wPjAKrJC2qKLMCuCwiLgfWAA/kqHsXsC0irgCeBO5OdUaAm4ErgRXA/ZJKdyP4NvD5\niFgILJR0fb3P7VA1s45osaW6FJiKiIMRcRzYBIxVlBkDNqZtPQ3MTHdKrVd3DNiQnm8AbkzPPwFs\niog/pzupTgFL0x1Xz4+I7ancxrI6VTlUzawjWgzVOcChsteH07I8ZerVnZ3uuEpEHAUuqrGuI2Xr\nOjzNfpzGF6rMrCN60KWqmZsHtv1qmluqZtYJBxso+0qVZUeAeWWv56ZllWUuqVKmXt2j6RQB6dD+\n1Rzrqra8JoeqmbVdRFwaEcr5uLjKKrYDCyTNlzQDWAmMV5QZB1YDSFoGHEuH9vXqjgO3pee3Ao+V\nLV8paYbVIkR/AAAAm0lEQVSk9wILgGfSKYLfS1qaLlytLqtTlQ//zaxwIuKEpDuBrWSNv/URsUfS\nmuzt+E5EbJb0cUkHgDeBz9arm1b9NeARSZ8ja03fnOpMSnoEmASOA2vj1AnfO4DvAW8DNkfEE/X2\nXcPaQdfMrBN8+G9m1kYOVTOzNnKompm1kUPVzKyNHKpmZm3kUDUzayOHqplZGzlUzcza6P8DCDgx\nTrQ8SKMAAAAASUVORK5CYII=\n",
      "text/plain": [
       "<matplotlib.figure.Figure at 0x7efddd275e80>"
      ]
     },
     "metadata": {},
     "output_type": "display_data"
    }
   ],
   "source": [
    "plt.matshow(M.A, cmap=cm.gray)\n",
    "plt.colorbar()"
   ]
  },
  {
   "cell_type": "code",
   "execution_count": 7,
   "metadata": {
    "collapsed": false
   },
   "outputs": [
    {
     "data": {
      "text/plain": [
       "(196, 256)"
      ]
     },
     "execution_count": 7,
     "metadata": {},
     "output_type": "execute_result"
    }
   ],
   "source": [
    "M.shape"
   ]
  },
  {
   "cell_type": "code",
   "execution_count": 8,
   "metadata": {
    "collapsed": false
   },
   "outputs": [
    {
     "data": {
      "text/plain": [
       "array([ 0.00313264,  0.00674662,  0.01006573,  0.01294492,  0.01525836,\n",
       "        0.01690494,  0.01781268,  0.01794193,  0.01728703,  0.0158766 ,\n",
       "        0.01377229,  0.01106607,  0.0078762 ,  0.00434211,  0.00674662,\n",
       "        0.01377578,  0.02020288,  0.02574702,  0.03016589,  0.03326636,\n",
       "        0.03491293,  0.03503365,  0.03362322,  0.0307433 ,  0.02651974,\n",
       "        0.02113715,  0.01483076,  0.0078762 ,  0.01006573,  0.02020288,\n",
       "        0.02945707,  0.03742385,  0.04375502,  0.04817388,  0.05048732,\n",
       "        0.05059422,  0.04848991,  0.04426636,  0.03810815,  0.03028444,\n",
       "        0.02113715,  0.01106607,  0.01294492,  0.02574702,  0.03742385,\n",
       "        0.04746507,  0.05543184,  0.06097598,  0.06385517,  0.06394359,\n",
       "        0.06123736,  0.05585477,  0.04803106,  0.03810815,  0.02651974,\n",
       "        0.01377229,  0.01525836,  0.03016589,  0.04375502,  0.05543184,\n",
       "        0.06468603,  0.07111313,  0.07443225,  0.07449831,  0.07130845,\n",
       "        0.06500206,  0.05585477,  0.04426636,  0.0307433 ,  0.0158766 ,\n",
       "        0.01690494,  0.03326636,  0.04817388,  0.06097598,  0.07111313,\n",
       "        0.0781423 ,  0.08175627,  0.0817971 ,  0.07826301,  0.07130845,\n",
       "        0.06123736,  0.04848991,  0.03362322,  0.01728703,  0.01781268,\n",
       "        0.03491293,  0.05048732,  0.06385517,  0.07443225,  0.08175627,\n",
       "        0.08550716,  0.08552097,  0.0817971 ,  0.07449831,  0.06394359,\n",
       "        0.05059422,  0.03503365,  0.01794193,  0.01794193,  0.03503365,\n",
       "        0.05059422,  0.06394359,  0.07449831,  0.0817971 ,  0.08552097,\n",
       "        0.08550716,  0.08175627,  0.07443225,  0.06385517,  0.05048732,\n",
       "        0.03491293,  0.01781268,  0.01728703,  0.03362322,  0.04848991,\n",
       "        0.06123736,  0.07130845,  0.07826301,  0.0817971 ,  0.08175627,\n",
       "        0.0781423 ,  0.07111313,  0.06097598,  0.04817388,  0.03326636,\n",
       "        0.01690494,  0.0158766 ,  0.0307433 ,  0.04426636,  0.05585477,\n",
       "        0.06500206,  0.07130845,  0.07449831,  0.07443225,  0.07111313,\n",
       "        0.06468603,  0.05543184,  0.04375502,  0.03016589,  0.01525836,\n",
       "        0.01377229,  0.02651974,  0.03810815,  0.04803106,  0.05585477,\n",
       "        0.06123736,  0.06394359,  0.06385517,  0.06097598,  0.05543184,\n",
       "        0.04746507,  0.03742385,  0.02574702,  0.01294492,  0.01106607,\n",
       "        0.02113715,  0.03028444,  0.03810815,  0.04426636,  0.04848991,\n",
       "        0.05059422,  0.05048732,  0.04817388,  0.04375502,  0.03742385,\n",
       "        0.02945707,  0.02020288,  0.01006573,  0.0078762 ,  0.01483076,\n",
       "        0.02113715,  0.02651974,  0.0307433 ,  0.03362322,  0.03503365,\n",
       "        0.03491293,  0.03326636,  0.03016589,  0.02574702,  0.02020288,\n",
       "        0.01377578,  0.00674662,  0.00434211,  0.0078762 ,  0.01106607,\n",
       "        0.01377229,  0.0158766 ,  0.01728703,  0.01794193,  0.01781268,\n",
       "        0.01690494,  0.01525836,  0.01294492,  0.01006573,  0.00674662,\n",
       "        0.00313264])"
      ]
     },
     "execution_count": 8,
     "metadata": {},
     "output_type": "execute_result"
    }
   ],
   "source": [
    "M*F"
   ]
  },
  {
   "cell_type": "markdown",
   "metadata": {},
   "source": [
    "#### Solve it"
   ]
  },
  {
   "cell_type": "code",
   "execution_count": 9,
   "metadata": {
    "collapsed": false
   },
   "outputs": [
    {
     "data": {
      "text/plain": [
       "256"
      ]
     },
     "execution_count": 9,
     "metadata": {},
     "output_type": "execute_result"
    }
   ],
   "source": [
    "u = np.linalg.solve(A.A, M*F)\n",
    "u = np.append(u, [0.0 for _ in range(4*N)])\n",
    "len(u)"
   ]
  },
  {
   "cell_type": "markdown",
   "metadata": {},
   "source": [
    "#### Plot results and compare with the actual solution"
   ]
  },
  {
   "cell_type": "code",
   "execution_count": 10,
   "metadata": {
    "collapsed": false
   },
   "outputs": [],
   "source": [
    "xs = [x for x, _ in verts]\n",
    "ys = [y for _, y in verts]\n",
    "\n",
    "co = list(zip(xs,ys,u))\n",
    "\n",
    "xi = list(set(xs))\n",
    "xi.sort()\n",
    "yi = list(set(ys))\n",
    "yi.sort()\n",
    "\n",
    "coords = [(xi.index(x), yi.index(y), z) for x, y, z in co]\n",
    "\n",
    "zs = np.matrix(np.identity(N+1))\n",
    "\n",
    "for x, y, z in coords:\n",
    "    zs[x, y] = z"
   ]
  },
  {
   "cell_type": "code",
   "execution_count": 11,
   "metadata": {
    "collapsed": false
   },
   "outputs": [
    {
     "data": {
      "text/plain": [
       "<mpl_toolkits.mplot3d.art3d.Line3DCollection at 0x7efdb303ab70>"
      ]
     },
     "execution_count": 11,
     "metadata": {},
     "output_type": "execute_result"
    },
    {
     "data": {
